{
    "usr_1": {
        "type_id": "opencv-matrix",
        "rows": 1,
        "cols": 128,
        "dt": "f",
        "data": [ -6.83108807e-01, -1.29048634e+00, 4.51131523e-01,
            -1.90794933e+00, 8.31118524e-02, 1.46165714e-01,
            -1.61977321e-01, 6.67334855e-01, -5.75999022e-01,
            -1.61399275e-01, -4.93807197e-02, 1.72867119e-01,
            -4.43373889e-01, 4.68986124e-01, -8.45755458e-01,
            -7.19543874e-01, 1.50828612e+00, 3.12650770e-01,
            2.48602462e+00, -6.46815181e-01, 5.01804769e-01,
            -1.80241585e-01, -2.84287632e-01, 3.86717916e-03,
            6.98480427e-01, 6.87651217e-01, 9.06049192e-01,
            2.96184063e-01, 4.18744385e-01, 1.32867527e+00,
            1.15319002e+00, 4.06007767e-01, -6.76039577e-01,
            -1.26997709e+00, -3.53623033e-02, -3.78243834e-01,
            -6.54243231e-01, 7.79881716e-01, -3.73961359e-01,
            4.07530874e-01, -4.10468072e-01, -1.13315845e+00,
            -1.50230694e+00, 1.72394857e-01, 1.55980635e+00,
            -1.34151185e+00, 2.42726183e+00, -1.56474614e+00,
            8.29367936e-01, 1.57526159e+00, 8.43859136e-01,
            7.53115535e-01, -1.84026384e+00, -1.47045255e-01,
            1.35086966e+00, 7.48957396e-01, 4.23397422e-01,
            -8.93795490e-02, 6.86887920e-01, -2.26567793e+00,
            -9.18589950e-01, -6.73614740e-02, -5.26639462e-01,
            1.23033619e+00, -2.27948830e-01, -1.10616446e+00,
            3.45059842e-01, 6.79726243e-01, -1.26523530e+00,
            1.96367717e+00, -1.37000918e+00, -1.01753485e+00,
            -9.73650068e-02, 7.51058832e-02, -1.58096403e-01,
            5.25840521e-01, 2.31243044e-01, -3.29457641e-01,
            -1.48168623e-01, -4.55144048e-01, 2.09034324e-01,
            -8.43560398e-01, 1.97062111e+00, -7.38708436e-01,
            -4.96539116e-01, -5.11185229e-01, 3.97600114e-01,
            8.71721655e-03, 1.40382862e+00, -1.36161715e-01,
            4.50411171e-01, 9.84684229e-01, 6.47560239e-01,
            8.74252617e-01, -7.19537616e-01, -9.39059913e-01,
            2.11347356e-01, -9.20225501e-01, 2.20276013e-01,
            -6.40183985e-01, 6.57834172e-01, 9.11933541e-01,
            -1.85479149e-01, 1.46148646e+00, 4.07967001e-01,
            -1.22393155e+00, 6.64239168e-01, 3.35557610e-01,
            -3.07764381e-01, 4.02319163e-01, 2.78706729e-01,
            1.42315313e-01, 5.24516225e-01, -3.77984673e-01,
            5.20950735e-01, 2.20464140e-01, -2.41918117e-01,
            9.63097155e-01, -3.41280699e-02, 1.85587421e-01,
            -1.74196672e+00, -2.60315627e-01, -6.86381996e-01,
            -3.76162529e-01, -7.62807965e-01, 1.46057653e+00,
            1.63087451e+00, -8.67651254e-02 ]
    }
}
